38
118
146
41
140
2
39
101
77
69
38
55
69
51
80
24
42
144
59
16
97
10
51
49
110
84
28
115
58
43
9
102
85
128
148
101
40
87
32
142
91
8
5
133
12
105
122
122
90
120
43
70
56
20
28
136
139
111
88
121
117
53
91
97
115
58
108
43
72
135
117
148
83
14
69
18
29
20
85
96
82
32
47
79
5
66
50
43
63
69
15
53
83
52
61
119
63
16
4
88
28
99
125
62
70
119
97
147
128
41
38
35
84
67
39
11
91
97
121
25
13
8
35
128
17
131
102
31
112
104
33
27
121
118
58
106
112
27
16
138
124
120
115
107
48
52
112
116
43
116
55
119
24
139
35
43
19
6
127
40
116
80
120
88
132
62
61
41
69
92
74
47
128
81
143
11
143
147
23
108
50
33
21
122
97
67
98
135
148
126
18
48
131
66
150
138
35
29
45
82
82
45
87
95
52
34
113
89
28
138
81
9
35
107
30
101
25
65
146
130
84
14
70
131
58
78
36
119
24
28
62
51
131
48
89
37
9
142
57
34
17
96
105
7
116
120
75
97
26
17
26
28
104
7
92
63
48
90
91
20
84
40
86
60
120
37
97
63
118
129
82
100
74
4
133
112
130
9
93
95
38
62
61
84
141
114
69
94
16
41
146
92
65
139
138
94
127
13
27
71
36
5
121
55
134
92
60
119
70
59
101
28
16
88
41
126
75
34
95
2
77
97
112
69
99
145
33
58
51
55
10
110
90
84
135
119
81
57
17
4
62
23
112
12
116
117
39
133
16
121
28
67
76
16
64
5
108
69
5
51
100
6
144
55
130
124
141
95
130
119
76
114
24
99
120
66
29
83
45
90
147
148
99
135
97
130
87
55
97
55
38
127
103
32
124
64
14
110
101
121
131
21
125
150
116
7
14
69
123
20
27
149
1
39
92
118
89
65
10
14
103
96
131
96
65
11
127
104
46
147
17
143
123
125
93
13
124
48
94
115
14
139
94
77
141
94
149
2
18
56
115
138
48
11
27
16
5
124
107
15
112
140
3
35
64
139
109
46
49
71
36
47
27
28
87
79
107
33
150
120
102
139
5
111
18
82
19
2
26
115
21
26
101
91
119
88
70
80
48
140
9
142
90
87
9
113
47
96
70
149
76
70
103
38
149
57
27
102
70
141
59
142
129
144
54
58
126
30
84
123
27
61
49
108
35
95
93
103
14
36
74
134
126
148
44
135
63
50
58
52
46
147
130
48
33
67
37
48
147
93
39
43
105
96
71
33
45
30
66
19
120
126
10
65
120
29
141
114
149
131
27
49
90
65
21
60
113
142
54
99
69
78
36
89
149
102
9
25
147
15
102
63
115
49
30
106
45
88
130
140
148
114
114
108
134
46
31
110
103
136
124
119
96
116
106
132
60
132
77
51
8
104
117
90
71
113
14
119
66
130
73
5
45
86
86
53
51
81
28
117
17
85
30
8
67
123
68
73
74
144
50
51
45
132
31
62
110
25
70
20
22
32
141
79
39
84
150
14
102
142
131
6
21
93
143
66
14
119
18
80
141
43
67
66
123
36
10
147
97
105
62
132
85
16
36
79
36
28
12
102
52
2
23
68
134
79
2
43
61
148
17
30
64
10
134
138
9
100
59
36
68
135
43
45
124
113
121
104
64
100
86
66
116
149
83
40
87
87
29
2
72
41
44
33
66
19
56
107
97
100
73
140
36
66
16
64
100
4
75
121
57
142
81
36
70
82
113
100
30
129
137
37
143
18
85
108
104
48
38
79
14
81
67
100
145
36
82
128
23
90
23
97
90
149
90
147
18
103
19
76
74
1
61
35
64
6
78
10
28
124
84
131
98
5
62
30
1
78
59
57
146
37
149
24
104
68
68
66
6
137
67
39
119
43
3
81
95
145
80
108
132
84
97
123
52
149
40
46
138
76
37
119
36
95
45
8
33
64
37
29
106
121
72
149
143
142
145
34
127
89
40
25
38
41
32
111
96
9
130
31
27
34
27
138
25
13
4
91
150
75
15
39
28
64
134
94
74
50
32
35
96
130
147
1
117
63
148
91
114
63
70
77
25
93
124
131
43
65
122
44
44
29
28
74
2
61
47
27
104
95
134
124
136
31
32
13
8
52
82
101
137
41
21
142
57
104
32
142
3
3
137
30
69
147
66
77
109
148
12
135
54
72
121
117
125
100
93
23
86
15
101
80
65
137
129
94
79
34
130
139
19
19
16
19
74
85
16
54
104
25
98
27
125
63
121
129
12
91
148
86
2
110
96
144
11
45
75
4
97
32
110
62
116
101
