64.60842878569026
92.2416428731703
109.27688339541604
91.95997910735274
146.04941050525514
73.22122130621074
137.26862712626442
23.93111386263737
48.88644531272566
71.86472906070135
103.98242788225653
124.39159234662402
55.519047159560145
61.925249556533466
107.53756043918065
94.36829722947266
55.61296856550475
41.483577325836336
115.1279431284263
116.62697137590023
15.988347614472257
107.49365617887032
66.40180068085225
26.609096084577473
114.69770625783399
23.23173753462128
136.87561960559628
116.74329300331638
81.8731015985754
66.88582309177207
84.81448146483847
67.5802816962383
102.59114775800666
57.85864467179931
105.70549358845989
89.98422766265186
130.0022906201642
55.0836551926238
124.94609836614495
40.41118395388899
41.98793075129422
88.38914683407623
62.48947328052486
102.73156222234522
24.617488515435504
146.9679779253932
59.86819903356466
58.61426394598906
26.337998150641432
61.05579745973242
92.78889660668546
98.56487307819236
48.48776106496966
113.462238149549
100.81160665469326
52.62093142870457
146.70406184183315
94.26618461905164
10.432150289583289
46.97333573325495
104.3487181783696
75.39623575224857
66.9104735014521
112.68152073000033
124.8949012409803
106.8237028215227
86.25798003109321
46.59911975757279
135.03491815509113
35.62545916502198
4.3838614441875885
35.07849940689456
69.54719013016037
116.70063273270965
126.95075296393591
52.06599671696127
81.77892721493404
7.5983926083761055
35.78354043002538
100.80813156927827
73.74675768685206
63.91814964720548
81.1543970175826
145.1869534368505
39.57072250005075
111.84549389221482
9.767965689111803
62.01520323397208
44.33341542862782
5.8686998813068865
123.69063392696869
10.87949177220778
138.1722822498741
90.3792016874054
45.252365873133144
65.86096170063507
92.00819458088407
86.83397908266704
17.9603869894582
32.831248688498924
108.60682546912244
108.7034192786121
66.53625053029992
99.69938297803749
10.605246200314408
137.50500539199427
102.5046913630506
41.397920189069175
88.61776487264166
119.75657584166973
109.89041464835282
50.34211399608169
137.46639768716432
97.59004864671401
131.41473822652915
94.12646083810162
78.81134983599532
13.659337005251949
140.66606068072278
52.120807711360506
22.17527882437713
55.05890628648186
27.899851106849553
82.88576351244276
63.58936650520729
55.25735154094043
97.28860140964318
1.3936780476315036
51.82501131250429
75.98541047567737
40.73648959519658
139.30252531731284
101.72133106454787
127.94732576073406
70.952308796588
9.383958271015945
84.89671424912069
122.76928140922175
7.428888786238353
128.5637127313134
96.58018257485836
128.77521047340375
112.80880372500116
61.17808116089629
142.01657035564926
14.183652752614963
64.78066004783514
147.1122164607795
24.884835516580857
119.2717250962558
111.36167203978808
28.087264592574233
29.627272571148264
8.052555796174973
98.23120074267906
132.40849996954276
36.55361164272765
127.46638003574242
66.56201017889191
29.909618745791974
88.69397385524213
68.78126035511389
107.47147126002717
110.79345656321699
72.03110220904458
24.373384132032438
119.24446781951579
30.411455968112307
30.998290042614016
30.79061947275521
147.47320502269733
35.42632796921868
146.54994173032054
83.60631451988758
15.453352750646353
107.24384284567616
33.46675516329615
80.70815541450574
116.10073974176818
140.6151258809064
114.67101995080183
10.07266199191815
13.504044238455858
22.434735089628692
80.60127278662277
130.68292917374356
83.14080549264288
136.4693839546944
46.99168428581377
49.38707572082825
47.767276986143216
43.748183287409425
120.16204718313521
89.8519669509906
45.73318416702809
58.2272994874271
94.98987253374635
42.980668488577656
52.11702329670024
62.21280956801562
97.61536982342939
127.81783063282207
122.54172400003054
92.8157662135359
48.42672449169376
45.09707839642079
148.4463188985385
96.81882790190163
142.27201857166256
117.53866282243018
65.19691426046622
11.876357615498401
49.07904434170368
105.89452374846012
122.0244870766645
118.12015654565947
139.30435646338856
131.4735322527747
17.40961825046527
120.35228482023099
127.43474549071513
102.29083335831314
9.07407602143734
138.3662525855892
92.09310778995703
48.32729246837062
49.586671141151065
122.3587348269306
23.93100387348053
78.00300215679542
136.02138114574043
16.447607300354775
118.71580145479757
139.5221351348118
28.405252454164152
27.540362244914643
47.9231297818035
128.31649422318978
80.69145440753844
134.18043345346084
81.41951907518529
145.766890882707
107.64061546010686
134.76696079689398
54.056777951893494
79.26404226058185
13.242968342508908
26.32545201607816
146.67043938999038
4.485540188751579
81.09120884966755
130.57257872089525
120.724210522608
133.0861749107843
57.45444307702142
46.16149101220025
112.46859063780873
25.223987438392832
30.459908997975358
40.48241601782792
54.43190628738371
109.93731727831207
4.371414695866533
115.64913504905513
129.5707389879146
115.22000594748982
118.98534899196794
131.09100635399534
6.172428866908486
146.9179930923008
130.9252718400374
26.81489556324467
71.40754369648545
56.745375795838825
102.52284231771583
33.41876217495449
140.3171310237544
81.23797261098186
68.28530712949812
141.80917797599497
107.45105621541457
101.35316361063418
114.99098217966903
133.8480062771485
148.59996990754695
77.27030135845153
39.47733740802881
84.28813123881517
114.94403482845858
94.55844554163427
132.25188240702195
149.9298812998806
2.3681437707655646
14.799027988579045
138.32877468043898
134.17027324129992
80.79837681240184
95.76102663677804
61.550672413215054
117.24128106072665
136.5844918027979
55.093735960818144
121.37219326990618
139.5266495674213
42.43049568773252
128.97404045613501
82.33573518547684
144.88932829138633
127.62553990492178
85.88093635640537
9.170157762567543
4.096477873685949
47.51138693331041
14.742299461493804
91.9819894798381
24.440095097340162
18.47568649918253
9.901749126472794
84.60946320821594
87.68798565040245
28.489580320256724
54.874881727528056
47.4954551912725
46.457019704548955
89.45630264860036
21.57296749919881
27.684873202694643
75.04284339335044
28.780078444306465
122.38078964299606
93.60241040342713
102.20409310950052
77.16670538309839
20.2508012813981
43.750937625019816
4.9421949818115865
135.086815417262
109.90943352120723
14.376483011605776
120.59992427747004
77.09507063625419
27.727148621520733
128.08339037042373
40.686751845939995
141.92138651384548
88.35204705690846
87.40327742704757
142.83697241185024
105.34650397909114
70.8900889226688
51.24538679853402
68.47351140512977
2.8361362301309487
69.2119750141456
115.05857099203278
143.33732593020892
83.42757383272775
18.087500703405833
6.1596181343741385
68.4790246095932
27.211457990717708
83.35812260988418
115.02820211413754
13.25652833261395
71.3660895226117
103.57535629976334
96.84946504137575
37.01571535839984
96.42968395398525
142.69190135675984
4.737767033280422
93.26048898050738
62.460550863932795
123.58370112320713
48.62259066521165
28.60810099970242
64.84203872600867
96.96638174869202
131.29408549814545
17.398166024579275
62.23731630247293
51.96892870244716
147.28262569562182
11.43756927074817
120.64161700408516
97.43854840187151
38.27661290694484
133.29817663785764
22.58251596387766
115.21071112925654
115.47439025044092
79.33113472491208
57.897574551367654
132.6745479651821
5.620516378454198
76.08460811142095
119.73155155797622
100.86951100023036
74.9366819152289
12.170663089347311
108.09589446865589
106.62406287155929
78.07856963856366
36.09574733531895
121.88460689001062
144.16495805754465
128.67072263302146
49.82787142231816
83.53563916498736
122.6052944946157
130.37909504097973
84.4031351497954
76.71054079322946
95.36156643394841
60.48189796074786
21.141804707332017
19.338653699016376
123.263870393483
97.27463490625215
41.114859690384776
146.32499864196112
24.148203904105294
28.536993731920347
18.602026977435003
91.52992508725414
31.54823842215098
86.6801863790996
103.23480727017187
67.38392596099561
23.92591025176343
17.73417157642047
139.71530754445192
105.24896970454654
86.98329984475902
100.81265165528316
115.34780821483528
33.75309016515965
23.100534745202257
149.63534275929482
1.3351845790985197
3.434518863546037
75.26387592253339
58.63579678389411
12.91283956610459
144.5430243298066
81.51982564688427
75.86410081914505
138.42983564809504
99.34300950182353
52.62699595948227
12.741361495130299
121.92269203998173
27.16682681768675
21.027205243098297
99.98090147143893
47.2373492237421
14.57042349940018
33.1461344509345
26.549997734896124
114.88126195721648
143.49391179971508
63.19067360065255
63.31507734463933
46.16951521266485
10.55737817401965
23.67601662951736
40.63459131442137
136.47116575311517
113.40575163539586
110.38017596198166
75.62558324478533
15.637016755715102
75.67807708042139
92.29887257747362
132.16968752488162
32.918197328424924
67.08139301792909
49.34016196780956
123.05311409918285
102.34552775980241
34.19191694170519
2.266139785881382
130.86834030195973
133.19726261004706
54.81601697624952
113.87538011211512
112.75486233114945
68.46999118658422
105.86159077030102
85.30767746371731
138.6910417229966
82.41384951487696
61.5749557373782
72.79505253371123
6.963126776114846
90.96092909677934
107.10531067036551
104.95379248490453
8.617779389925673
78.68942759733696
16.469640352716716
44.50884091347393
6.836285955727856
15.841864744618501
22.769277919315776
138.6833372873512
143.31091705113036
37.72148045522497
93.43222568156484
20.510859602530736
103.98604381656921
142.53654724380672
127.92696133288999
140.14722526256506
65.94243764925767
43.89961081240869
61.6738026065738
92.12024538433666
83.88522868380984
57.165948991806054
60.80087953335138
100.60777216131237
29.53594121843406
5.400420136302376
110.45558869035082
129.88951544152445
141.29736502030798
41.22878815823055
12.556147073947221
92.1367901037805
76.15742337531412
91.89708416317939
7.330733565450974
136.7508013906518
23.162081377525638
105.47153546883835
38.9534675497176
108.17756915413125
112.90224073673133
90.69780919279185
91.10039884104246
30.07922161766124
141.181100087016
9.52344772372136
30.858602481461027
19.13969377297517
3.1251468466045207
135.93463753884447
27.133777785478582
21.554549560248827
129.86800242807092
79.32828743233333
68.47067566062132
101.22122690154072
115.85193683077678
135.12784035855157
39.86071242703597
137.65380907080888
101.07795213131568
100.89738585784927
91.74756345545565
31.095960318646704
115.80930392079246
34.38337987535403
149.21665967528128
36.58089193485681
87.12435037393061
142.5431514243485
40.57946771664747
72.81484699539263
101.01419808092523
6.268370110568096
27.779713983795773
92.53760798100951
81.74727667426184
149.7257708466382
27.782228303453685
15.249839352483741
30.278136831081834
131.30623764224694
63.062271639065386
123.91482184127065
112.05220834327909
97.306796656562
144.2363396518571
112.64399295783655
64.75094987558876
111.27729353773026
121.5293956788851
97.89400132348466
124.58142648882064
31.073040879380283
21.14082146106802
124.99580723536468
132.10703041615125
68.75329659042382
18.009061389779664
129.15600927225245
32.41430568332853
99.41856235432198
65.6889963187845
98.59111187541824
136.1759614964824
96.24190248333507
141.42664264706582
6.039130345721966
130.8804715242049
52.598066747386234
87.74270151708619
64.8297024393154
49.11075067918153
30.110301509636617
68.9234068552384
118.14591149550068
134.94804726569404
54.290631960422644
137.60309456408214
50.87381394245282
129.07233934389723
112.61882000586891
26.033470515089398
36.466553342656916
97.74886612793966
16.742445543187277
31.92775332308075
102.10772355959689
52.13272911987174
142.67568830693352
62.66474187548887
108.17422251370975
35.4052899143088
126.67576341450217
38.83920095249091
19.334243830292905
1.233963896959003
112.6313321601486
89.78690579149644
80.51874417776999
97.71822649141743
145.9485538899033
131.7794953324571
22.804674102979654
37.915527668562085
138.30226645383007
148.14685013121803
140.7398033401425
132.00729478712225
31.76428221227085
106.11090219868454
107.22466231601216
103.8915245770581
72.81817304301946
63.127965437576265
11.595909020619489
104.62881881690404
110.42962892093325
6.623800297570829
21.988157089984295
40.65977562557986
101.62686735835042
112.55521985380608
80.63694374037017
70.11571439110277
132.58038085948272
90.49378760006968
4.829083337684388
90.84420859861123
119.74769394726037
44.36801912794392
14.361816838067345
36.92344333063679
128.66086777236433
70.25095262254754
131.99107405256453
2.816398185253917
10.347873401251396
19.866226485855453
134.79075851152774
48.496496120992255
19.76071433841705
55.20498879901557
4.982567135928936
36.2648877407633
129.2381064285236
13.61613350961672
127.2149315220741
43.30576801388603
62.12531628470707
88.50365475695534
64.70394398161093
57.968176319711716
62.27653102764099
127.2049726091875
34.04910756578074
31.21348746454335
82.65054806050006
132.01114525499904
143.94943581939071
86.89598862515575
99.92465517973602
137.37843756870885
146.33119400809395
87.39423321194695
113.6229503024038
145.0236846649924
18.53731775864571
87.33370260120331
75.09353220961663
23.51945918980776
114.47427685010433
109.40365227231132
83.24919113501092
7.977610764816986
132.56170029478187
37.575683842046104
1.9143750173167933
95.56324985811821
89.68427957851884
17.412935835366266
74.39624296545445
133.57218978934029
38.243719702549505
129.5832182101995
49.66362817355729
111.57674734195717
106.11631809475138
78.35197867238553
120.8124481883396
21.475031477646255
68.44559061646015
70.94811775360839
55.41503084175321
90.27140423578071
137.73910641295618
21.166322596236594
131.1239959209811
98.70294889699521
29.4050143665835
11.076684695621669
93.76097074755462
38.24871877286132
74.99721432190738
27.37410591085467
27.12844658194656
129.58447631443306
103.52413410723052
136.3568255380953
143.09851750395362
116.42493431452242
132.94150199295368
28.9300581785944
49.154039070556664
16.46563404187659
29.89723115662802
48.317985401090525
17.786378020887177
147.65710372485324
107.70856823599928
140.73973964712678
141.31417480482608
37.062405546557656
47.503612988310934
147.16808456931167
133.4448718178065
13.344479523003743
33.38495856474334
41.59157171890272
10.065800916469161
58.44686972939698
143.0345574914629
2.254123048436206
44.9734079987926
30.944316419126185
31.23361749548984
102.03315747018064
2.634075686214803
27.355131756612234
97.70966016466163
56.581245609117374
125.90821351825245
79.22182445916705
8.120455679108861
59.96239059202851
76.26298977842421
108.88172357042195
35.956243094088315
91.8685579075141
118.05772179696706
104.60570229972198
111.92172384602335
48.6972628493136
9.784067396054507
32.2273418780605
75.57872493265062
140.36610527673574
59.09796609586548
41.054352498382336
30.060292743333456
124.8495052111077
32.09379292630088
119.76731094566185
104.8974138458441
11.726233399742583
102.7976711705333
51.147963635222666
20.671473278472828
75.13403983699897
122.76152011681012
86.130155698978
138.80646404687738
58.8669938736424
74.72444914761532
149.53948298348462
125.17960281069271
33.10459243895207
81.60534657436892
15.940189693085866
60.70490300966993
80.76855763285855
76.83515610788949
79.30660144009849
85.76625062105758
124.31407298319705
67.32134603323684
111.21727579232001
81.32869569502711
59.786121169771754
52.97055009291884
109.0091637812794
101.72616095527285
60.56915232705493
87.26425016231894
97.60316163707124
113.22225350064558
69.45617024092624
140.1476733681351
40.73422301962783
98.2942736777878
85.49843831054967
93.60673408004706
4.569868391428318
122.72450988637625
46.62499807129151
102.92799857407995
74.96802105117942
42.59665142510104
29.968308072643055
114.70440403973767
118.57637623409944
35.87261103623577
55.440321249759684
29.51730645434194
51.29139008747831
26.065132234787317
140.24974278254564
21.73935694728198
96.32519174954523
52.76040901755801
57.572211427038475
88.74727466084033
4.559231155285543
31.95390694708488
133.08130146796458
11.024655023106718
50.83484446329717
117.09387442782905
61.72415672930004
79.54628418787787
29.711470420682357
68.78304288826952
63.69811205769621
84.99446180184627
92.85134303883076
38.72388850805338
86.90752069453335
130.73849656201696
124.17020595156548
139.67701694165373
76.57584310016871
63.01388572600171
45.15104817085521
54.068187342976316
77.87606934125466
74.22310697520352
15.560631390252261
48.902214357846916
15.070801412884975
38.7334393010511
120.8182683103289
42.89816151171626
50.90642441354002
136.0421368487785
39.2696673190472
34.66409755567024
8.920951408985516
75.09990834361929
28.39118086868735
2.1458150043259536
50.54370584683517
64.07311162176052
97.34510245640811
103.90060204642482
136.68698296014887
114.85577502819737
81.00190720818873
90.73079673033286
141.80134603241115
40.891680908226256
77.16972265707476
38.84680225361674
24.474480497432772
25.429500881337574
98.69545681142046
118.49697877582756
91.39708830549607
50.22088746730772
1.4398691702153048
21.151641665620865
34.29467958807186
87.45121665354317
145.82366801981252
84.0373262704467
1.2573649267835871
94.105719302167
37.96382315490962
33.6273953444135
120.17362119793287
112.73285278662756
54.30591996762219
61.713732858937476
84.79084944394877
84.4079732507615
77.51917365320503
5.046734721751578
45.97459454968398
104.66744128605423
65.76746280637222
1.4054005375077572
37.042597935276135
111.41925639054634
102.2545620606202
3.346315379365741
34.856163800223285
69.04507011599296
5.518021359169567
14.051170759819138
80.10641051761205
51.00004567839626
142.271393418783
128.1708553620001
65.67708854217776
37.17790956120762
121.79844946003954
101.38818767030072
117.920539015615
15.167530043870217
79.98474358312072
60.76855709447759
101.66305006472454
60.67486164956491
3.2092836843751726
63.75919052665583
110.02545257618989
53.99788602716836
130.44094836160053
30.1521695351545
109.6057291259747
40.048666740142075
148.25565764030424
116.8578572797236
51.93973115264137
46.9020302831858
84.09718032548832
136.62204006157384
145.3459521163079
70.61284223434166
49.12035799110824
14.408140703110593
76.46844109370562
93.51169335890344
118.04046330518986
55.91049600956357
87.05884325653565
67.69339287110701
146.43512087168773
129.5834326715628
86.70081342872103
15.861219626455517
46.53355389956732
116.33797868296793
143.2143600839042
49.46485209719987
123.79420775864384
62.290766270540075
77.84438208953308
55.96586456260347
48.03425604004156
37.664089727696314
13.40034680762756
58.99553204798181
40.50727497865648
64.35827725125253
13.151092923232994
131.4007828548835
114.57483922460685
79.85692335363477
119.37135492606676
102.83339041968871
8.452773874240144
45.63470112794847
36.36134790068513
38.799141125097634
32.046199870026875
1.2927004587578947
104.973296951121
104.01307509566203
80.25300705374703
101.21145001891962
143.04719700130855
96.76143448610266
138.60249529481493
127.18311062142051
38.51919004385897
83.92399050133432
